Inserting 15: 15 
Inserting 08: 15 08 
Inserting 00: 15 08 00 
Inserting 05: 15 08 00 05 
Inserting 02: 15 08 00 05 02 
Inserting 10: 15 08 10 05 02 00 
Inserting 15: 15 08 15 05 02 00 10 
Inserting 06: 15 08 15 06 02 00 10 05 
Inserting 17: 17 15 15 08 02 00 10 05 06 
Inserting 03: 17 15 15 08 03 00 10 05 06 02 
Inserting 18: 18 17 15 08 15 00 10 05 06 02 03 
Inserting 11: 18 17 15 08 15 11 10 05 06 02 03 00 
Inserting 09: 18 17 15 08 15 11 10 05 06 02 03 00 09 
Inserting 01: 18 17 15 08 15 11 10 05 06 02 03 00 09 01 
Inserting 19: 19 17 18 08 15 11 15 05 06 02 03 00 09 01 10 
Inserting 12: 19 17 18 12 15 11 15 08 06 02 03 00 09 01 10 05 
Inserting 14: 19 17 18 14 15 11 15 12 06 02 03 00 09 01 10 05 08 
Inserting 04: 19 17 18 14 15 11 15 12 06 02 03 00 09 01 10 05 08 04 
Inserting 16: 19 17 18 16 15 11 15 12 14 02 03 00 09 01 10 05 08 04 06 
Inserting 07: 19 17 18 16 15 11 15 12 14 07 03 00 09 01 10 05 08 04 06 02 
Inserting 20: 20 19 18 16 17 11 15 12 14 15 03 00 09 01 10 05 08 04 06 02 07 
Deleting  20: 19 17 18 16 15 11 15 12 14 07 03 00 09 01 10 05 08 04 06 02 
Deleting  19: 18 17 15 16 15 11 10 12 14 07 03 00 09 01 02 05 08 04 06 
Deleting  18: 17 16 15 14 15 11 10 12 06 07 03 00 09 01 02 05 08 04 
Deleting  17: 16 15 15 14 07 11 10 12 06 04 03 00 09 01 02 05 08 
Deleting  16: 15 15 11 14 07 09 10 12 06 04 03 00 08 01 02 05 
Deleting  15: 15 14 11 12 07 09 10 05 06 04 03 00 08 01 02 
Deleting  15: 14 12 11 06 07 09 10 05 02 04 03 00 08 01 
Deleting  14: 12 07 11 06 04 09 10 05 02 01 03 00 08 
Deleting  12: 11 07 10 06 04 09 08 05 02 01 03 00 
Deleting  11: 10 07 09 06 04 00 08 05 02 01 03 
Deleting  10: 09 07 08 06 04 00 03 05 02 01 
Deleting  09: 08 07 03 06 04 00 01 05 02 
Deleting  08: 07 06 03 05 04 00 01 02 
Deleting  07: 06 05 03 02 04 00 01 
Deleting  06: 05 04 03 02 01 00 
Deleting  05: 04 02 03 00 01 
Deleting  04: 03 02 01 00 
Deleting  03: 02 00 01 
Deleting  02: 01 00 
Deleting  01: 00 
Deleting  00: 
